.Random.seed <-
c(403L, 142L, -1675954270L, 671355847L, -457504412L, 1839937714L, 
-1611647858L, 1403204842L, 1049554121L, 2082408778L, -910011564L, 
-1425062990L, -1656866886L, -433421183L, -198720893L, 102715508L, 
1297630263L, 1883630741L, 1539435804L, 1835032585L, 2069006860L, 
-291231518L, 1414854109L, 1734387856L, -751994925L, -1009663401L, 
-885031890L, -57145189L, -484190810L, 81499266L, -2122528783L, 
-124798062L, 2008337285L, 775088735L, 414416231L, 1215394045L, 
238385575L, 1297634704L, 1481522925L, -737269639L, 1943313054L, 
-1527833446L, 716804968L, -559387697L, -172187803L, 1982912327L, 
-821521372L, -2100518429L, 1137281621L, 557231766L, -1656981993L, 
621310831L, 782669101L, 908096779L, 782344427L, -451190685L, 
1113510946L, -696675421L, 454246076L, -1325721929L, -1883204353L, 
-1502945010L, -1815935294L, -1826028785L, -1879609638L, 1740994112L, 
572134113L, -1381782608L, 1961702312L, -862045807L, -1560081126L, 
-548530840L, -695673578L, 385896553L, 1372709521L, 200386126L, 
-1064683710L, 1697608222L, -447228190L, 927410699L, -1315363469L, 
1804799584L, 42877432L, -778798389L, -377000928L, -1441257977L, 
1822932823L, 2023269791L, 1370347432L, 1934180337L, 1464991079L, 
693211908L, -2044492163L, 1088185726L, -1647606850L, 1673195454L, 
-398476204L, 1131858339L, 1637758975L, 1084221261L, -1616244184L, 
1351420779L, -39611464L, 1192464L, 526210632L, 375850276L, -844914678L, 
146600266L, -819411156L, 956198406L, 1616770033L, 1593444479L, 
-100261826L, -261129265L, -1231772892L, -1726867683L, -735994822L, 
736933180L, -1800504751L, 780783227L, -1230843027L, -1671986567L, 
1611278283L, 2010009330L, 1889530796L, -444405699L, 865595011L, 
-1147986697L, -1760951660L, -484394322L, 1165372543L, 914200675L, 
-543201093L, -869532731L, 633561027L, -169238556L, 817168029L, 
1505818857L, 1418556104L, -2140496947L, 746340432L, 182698791L, 
251598579L, 71628500L, 1226921537L, 1535117435L, 1717251546L, 
-1658428578L, 895256288L, -1296720719L, 789740767L, -727116183L, 
-1955709972L, 2051999356L, 204353016L, -2132965413L, 1508081035L, 
537807266L, 927031556L, -785354097L, 1062021902L, -2017221667L, 
1373253388L, -625294528L, -319800295L, 1419594383L, -1285461101L, 
924354930L, 1904439180L, -193599043L, 1157693662L, -129419607L, 
419110967L, -124780128L, -24422655L, -1198695817L, 780819598L, 
798283898L, -1270552161L, -288916799L, 677017717L, -498379219L, 
-694845870L, 1782626197L, 1682817420L, 2133967783L, -794486594L, 
-77219494L, 230599121L, 1446791529L, -1606969146L, -959484173L, 
635387162L, 1428058199L, 1390222303L, -594817181L, -1896372380L, 
-1392123113L, 1366545870L, -1626849561L, -381794880L, 109928126L, 
1900294246L, -2034999227L, -688405254L, -1932576999L, -848693444L, 
2039508561L, -1909164002L, 2069144202L, -1570130220L, 1816285647L, 
2028186408L, -413924364L, -2045268054L, 104063479L, -1820818817L, 
1723522142L, 162374279L, -2093239098L, -1684963001L, 330646330L, 
-1079321157L, -184292177L, -1361540059L, -30797795L, -1572352233L, 
-815523256L, -726533181L, -59361931L, 386620887L, -1643976394L, 
-1808872582L, -93011547L, 715910601L, -1916835886L, -1168715403L, 
1407902223L, 48394302L, -1277117238L, -1409629289L, -401240544L, 
1272600493L, 1539983001L, -470703608L, -1159526097L, -381325359L, 
1602832915L, -2056444551L, 538556579L, -1943772346L, -1416139055L, 
-758199475L, -1274053516L, -1241743000L, 56305899L, -153324509L, 
-869140130L, -1354339466L, -1210919457L, -1685491501L, -1590493222L, 
1509144633L, 1926270026L, -298666025L, 1087100889L, -2044131086L, 
82453315L, 725456380L, 822907088L, -251397836L, 100873064L, 649568071L, 
116318112L, 95616274L, -1680390452L, -424243113L, 2087511443L, 
-1682834251L, -251535726L, 2054501402L, -2049554017L, 1075895036L, 
455538285L, 346687191L, -918313772L, -1522811743L, 954050052L, 
-1298626963L, -1601899864L, -1773321482L, 366233256L, -1992891349L, 
-64557333L, -983966198L, -1425229382L, 916402919L, -1814273640L, 
2096291570L, -974685958L, 494826669L, -213819960L, -1675598441L, 
-2100943359L, 682566732L, 1105017386L, 1810974030L, 1919323243L, 
1993814575L, 976816265L, -1865537278L, -265180540L, 1528864592L, 
1469050072L, -218835753L, 1671091826L, 224015007L, -1064705390L, 
-637582155L, -1496440163L, -1332514437L, -588418868L, 1900743622L, 
25779656L, -381129237L, -816332979L, -1864618219L, -629572974L, 
1310960942L, -1421218672L, 1960413133L, -596664517L, -111647012L, 
-1054549695L, -2124009987L, 1484921850L, 2019343403L, 127833666L, 
1589375166L, -572902657L, -758532270L, 41756274L, 335804352L, 
1080750966L, -2094480377L, -272661458L, -1802082537L, 539438268L, 
1947823941L, -350894649L, -850716834L, 1573721506L, 562178216L, 
1685520584L, 47606715L, -1233951371L, 331516368L, -612628171L, 
-1510199345L, -256148054L, 2054187662L, -271166242L, -353563387L, 
-934122158L, 1191115796L, -376119310L, 1948739876L, 1617436307L, 
-2004417808L, -219241251L, 22617854L, 775961817L, -1661261990L, 
628039826L, -1467253765L, -628384954L, 951350271L, 379904893L, 
-836331235L, -1016056543L, 1593817758L, 1019308727L, -535957104L, 
171872476L, 1822868724L, 928963513L, -2067347027L, -1206346651L, 
-1429800803L, 1537527533L, -938177729L, -1438120468L, -314786167L, 
552020118L, 1609357040L, -2087570782L, -558543851L, 1079307359L, 
-1607322569L, 944405482L, -1114025932L, -2110504652L, 1957066402L, 
-1633070420L, 679898731L, 1470855223L, 530268724L, 341207460L, 
-40084587L, -1947296011L, -418639314L, -1098521697L, 1176001645L, 
-2135122074L, -1824719430L, 96751689L, 1894700994L, 912253902L, 
-1464842883L, 1633578709L, 458264063L, -1245108632L, 238509814L, 
-1155471432L, 212790932L, 962381979L, -1400013538L, -1988561998L, 
-2126847461L, -1671868042L, -1649581628L, -297815316L, 113685926L, 
1523144111L, 1268064081L, 1960332349L, 1150168322L, -1428274844L, 
-55961203L, -77250367L, -517657697L, -734433317L, -1041630865L, 
1218253418L, 493656089L, -1454779098L, -640197242L, 389543891L, 
-1525557602L, 190864852L, 1451231783L, -906699808L, -494033463L, 
-459534329L, 818634637L, -2011775717L, -1177561604L, 1594882319L, 
-138790657L, 312040036L, -1902287641L, -1881166661L, 1507917782L, 
2050834624L, 1388345490L, -347432808L, -1062520825L, -350199240L, 
995944332L, -1429395958L, 672297504L, -1802394887L, -877548812L, 
363323185L, 1651796928L, 1919962705L, 1918841897L, 10882316L, 
-187908871L, -1086263162L, -814466751L, -1098012349L, 1179720317L, 
1576730657L, 839171678L, -1282389991L, -868284750L, 1331304383L, 
1364950165L, 32362616L, -1915565463L, -2006388164L, 939943290L, 
403773977L, -1149523804L, -231793076L, 746616267L, -289066963L, 
1289407757L, 622942521L, 1420924014L, 1325702601L, 379233738L, 
-1291494656L, -2124364991L, -1642524063L, -822898144L, 1851729645L, 
1395858277L, 1989332926L, 911755281L, -1295663241L, 952973346L, 
1628407639L, 578223875L, -1899477774L, 1643071079L, -997576523L, 
-268179183L, -1399260857L, 821019609L, 450281556L, 1958158275L, 
383733766L, 602012473L, 1776159779L, 1426729953L, -992714244L, 
-1962913225L, -766444633L, -603628595L, 451219291L, -1349140709L, 
556577697L, -1277230952L, 161568354L, -753540340L, -139166335L, 
2133988975L, 1808614434L, -1355120970L, -591772692L, 914098821L, 
-1985235244L, 797990433L, -816955418L, 1583858935L, -426753245L, 
658033672L, 1514097214L, 2043158729L, 1245381885L, -549509600L, 
-718203641L, -1426347544L, 1186895933L, 2089354153L, 165502157L, 
1241741443L, -489196931L, 878688719L, 1924171724L, -98283548L, 
251212216L, -2100703085L, 1939662174L, -1886540260L, -981538406L, 
2098925562L, 1414874821L, 1576439950L, -1894874117L, 1753308906L, 
-1338221237L, -385232886L, 1622101438L, 1830153820L, -611116465L, 
424688006L, -602849687L, 13159742L, 999303783L, -1160583278L, 
-258798847L, -970359871L, 556552481L, -139294761L, 73188L, -1331911019L, 
1858136583L, 730795535L, -1862979838L, -1175266157L, -1430158253L, 
-1732963982L, 64178301L, 542518797L, -1422906403L, 540801001L, 
1671608201L, -41334291L, -1312247326L, -1645075504L, -615471693L, 
